# k_production, [0.0, 1.0, 2.0, 3.0, 4.0, 5.0, 6.0, 7.0, 8.0, 9.0, 10.0, 11.0, 12.0, 13.0, 14.0, 15.0]
k_production, [0.0, 0.25, 0.5, 1.0, 1.5, 2.0, 3.0, 4.0]
# k_production, [0.0, 1.0, 2.0, 4.0, 6.0, 8.0, 10.0, 12.0, 15.0]
# gamma_tilde, [-0.02, -0.04, -0.06, -0.08, -0.1]
initial_values, [[4.0, 0.0], [3.95, 0.0], [3.9, 0.0], [3.85, 0.0], [3.8, 0.0], [3.75, 0.0], [3.7, 0.0], [3.65, 0.0]]
# reaction_sigma, [10.0]
# k_production, [8.0]
# beta_tilde, [-0.4]
# k_production, [11.0]
# beta_tilde, [-0.15, -0.2, -0.25, -0.3, -0.35, -0.4]
# kappa_tilde, [0.01, 0.015, 0.02, 0.025, 0.03, 0.35]